unit rrMath;

interface
        const
        EULER_CONSTANT_GAMMA 	= 0.57721566490153286060651209008;
        GOLDEN_RATIO 			= 1.618033988749895;
        LOG2E					= 1.44269504088896340735992468100;
        LOG10E					= 0.43429448190325182765112891892;
        SQRT2					= 1.41421356237309504880168872421;
        SQRT1_2					= 0.70710678118654752440084436210;
        SQRT3					= 1.73205080756887729352744634151;
        PI_BY_2					= 1.57079632679489661923132169164;
        PI_BY_4					= 0.78539816339744830966156608458;
        SQRTPI					= 1.77245385090551602729816748334;
        TWO_BY_SQRTPI			= 1.12837916709551257389615890312;
        ONE_BU_PI				= 0.31830988618379067153776752675;
        TWO_BY_PI				= 0.63661977236758134307553505349;
        LN10					= 2.30258509299404568401799145468;
        LN2						= 0.69314718055994530941723212146;
        LNPI					= 1.14472988584940017414342735135;



implementation

end.

